1738132406630 19.9 0
1738132416648 20.9 1
1738132426662 17.6 2
1738132436673 7.1 3
1738132446685 6.1 4
1738132456698 6.0 5
1738132466710 2.9 6
1738132476725 3.4 7
1738132486741 4.3 8
1738132496756 4.8 9
1738132506766 3.0 10
1738132516797 3.9 11
1738132526810 3.1 12
1738132536820 2.8 13
1738132546830 7.9 14
1738132556841 5.8 15
1738132566852 3.2 16
1738132576861 3.4 17
1738132586873 3.1 18
1738132596883 3.1 19
1738132606896 3.1 20
1738132616910 5.3 21
1738132626922 5.3 22
1738132636935 15.8 23
1738132646948 6.4 24
1738132656961 3.9 25
1738132666972 5.0 26
1738132677006 3.1 27
1738132687019 3.3 28
1738132697034 3.2 29
1738132707047 1.7 30
1738132717063 1.1 31
1738132727078 1.4 32
1738132737091 1.2 33
1738132747102 1.0 34
1738132757117 1.5 35
1738132767130 1.9 36
1738132777141 1.5 37
1738132787154 2.0 38
1738132797170 1.8 39
1738132807183 13.6 40
1738132817199 2.8 41
1738132827212 2.7 42
1738132837228 2.7 43
1738132847246 2.1 44
1738132857260 2.7 45
1738132867272 2.7 46
1738132877287 4.2 47
1738132887307 7.3 48
1738132897318 2.2 49
1738132907331 3.2 50
1738132917344 2.7 51
1738132927355 2.1 52
1738132937365 2.9 53
1738132947381 3.5 54
1738132957440 2.6 55
1738132967466 3.2 56
1738132977500 5.6 57
1738132987514 2.4 58
1738132997534 3.1 59
1738133007552 2.7 60
1738133017566 3.3 61
1738133027585 2.8 62
1738133037600 2.7 63
1738133047619 2.8 64
1738133057635 4.4 65
1738133067652 3.9 66
1738133077663 3.0 67
1738133087675 2.7 68
1738133097691 2.9 69
1738133107707 2.9 70
1738133117719 3.7 71
1738133127728 3.4 72
1738133137740 3.1 73
1738133147750 3.1 74
1738133157762 3.7 75
1738133167775 3.6 76
1738133177810 3.4 77
1738133187825 3.3 78
1738133197839 3.1 79
1738133207857 3.4 80
1738133217870 3.2 81
1738133227883 2.9 82
1738133237898 3.7 83
1738133247920 4.2 84
1738133257934 3.6 85
1738133267944 3.2 86
1738133277956 3.3 87
1738133287970 3.0 88
1738133297988 3.4 89
1738133308001 3.1 90
1738133318016 4.1 91
1738133328032 3.1 92
1738133338044 3.0 93
1738133348054 3.0 94
1738133358068 3.0 95
1738133368087 3.0 96
1738133378103 2.8 97
1738133388117 2.7 98
1738133398129 2.7 99
1738133408141 2.7 100
1738133418156 2.9 101
1738133428166 3.2 102
1738133438181 3.4 103
1738133448195 3.2 104
1738133458204 3.3 105
1738133468219 3.5 106
1738133478233 3.0 107
1738133488248 3.3 108
1738133498260 3.2 109
1738133508278 3.2 110
1738133518291 3.1 111
