1738132406630 10.4 0
1738132416648 10.4 1
1738132426662 10.4 2
1738132436673 10.4 3
1738132446685 10.4 4
1738132456698 10.4 5
1738132466710 10.4 6
1738132476725 10.4 7
1738132486741 10.4 8
1738132496756 10.4 9
1738132506766 10.4 10
1738132516797 10.4 11
1738132526810 10.4 12
1738132536820 10.4 13
1738132546830 10.4 14
1738132556841 10.4 15
1738132566852 10.4 16
1738132576861 10.4 17
1738132586873 10.4 18
1738132596883 10.4 19
1738132606896 10.4 20
1738132616910 10.4 21
1738132626922 10.4 22
1738132636935 10.4 23
1738132646948 10.4 24
1738132656961 10.4 25
1738132666972 10.4 26
1738132677006 10.4 27
1738132687019 10.4 28
1738132697034 10.4 29
1738132707047 10.4 30
1738132717063 10.4 31
1738132727078 10.4 32
1738132737091 10.4 33
1738132747102 10.4 34
1738132757117 10.4 35
1738132767130 10.4 36
1738132777141 10.4 37
1738132787154 10.4 38
1738132797170 10.4 39
1738132807183 10.4 40
1738132817199 10.4 41
1738132827212 10.4 42
1738132837228 10.4 43
1738132847246 10.4 44
1738132857260 10.4 45
1738132867272 10.4 46
1738132877287 10.4 47
1738132887307 10.4 48
1738132897318 10.4 49
1738132907331 10.4 50
1738132917344 10.4 51
1738132927355 10.4 52
1738132937365 10.4 53
1738132947381 10.4 54
1738132957440 10.4 55
1738132967466 10.4 56
1738132977500 10.4 57
1738132987514 10.4 58
1738132997534 10.4 59
1738133007552 10.4 60
1738133017566 10.4 61
1738133027585 10.4 62
1738133037600 10.4 63
1738133047619 10.4 64
1738133057635 10.4 65
1738133067652 10.4 66
1738133077663 10.4 67
1738133087675 10.4 68
1738133097691 10.4 69
1738133107707 10.4 70
1738133117719 10.4 71
1738133127728 10.4 72
1738133137740 10.4 73
1738133147750 10.4 74
1738133157762 10.4 75
1738133167775 10.4 76
1738133177810 10.4 77
1738133187825 10.4 78
1738133197839 10.4 79
1738133207857 10.4 80
1738133217870 10.4 81
1738133227883 10.4 82
1738133237898 10.4 83
1738133247920 10.4 84
1738133257934 10.4 85
1738133267944 10.4 86
1738133277956 10.4 87
1738133287970 10.4 88
1738133297988 10.4 89
1738133308001 10.4 90
1738133318016 10.4 91
1738133328032 10.4 92
1738133338044 10.4 93
1738133348054 10.4 94
1738133358068 10.4 95
1738133368087 10.4 96
1738133378103 10.4 97
1738133388117 10.4 98
1738133398129 10.4 99
1738133408141 10.4 100
1738133418156 10.4 101
1738133428166 10.4 102
1738133438181 10.4 103
1738133448195 10.4 104
1738133458204 10.4 105
1738133468219 10.4 106
1738133478233 10.4 107
1738133488248 10.4 108
1738133498260 10.4 109
1738133508278 10.4 110
1738133518291 10.4 111
