1738132406630 919000.7 0
1738132416648 919000.4 1
1738132426662 919000.2 2
1738132436673 919000.2 3
1738132446685 919000.1 4
1738132456698 919000.1 5
1738132466710 919000.1 6
1738132476725 919000.0 7
1738132486741 919000.0 8
1738132496756 918999.9 9
1738132506766 918999.9 10
1738132516797 918999.9 11
1738132526810 918999.9 12
1738132536820 918999.8 13
1738132546830 918999.8 14
1738132556841 918999.8 15
1738132566852 918999.8 16
1738132576861 918999.8 17
1738132586873 918999.8 18
1738132596883 918999.6 19
1738132606896 918999.6 20
1738132616910 918999.6 21
1738132626922 918999.6 22
1738132636935 918999.4 23
1738132646948 918999.4 24
1738132656961 918999.2 25
1738132666972 918999.2 26
1738132677006 918999.2 27
1738132687019 918999.2 28
1738132697034 918999.2 29
1738132707047 918999.2 30
1738132717063 918999.2 31
1738132727078 918999.2 32
1738132737091 918999.2 33
1738132747102 918999.2 34
1738132757117 918999.2 35
1738132767130 918999.2 36
1738132777141 918999.2 37
1738132787154 918999.2 38
1738132797170 918999.2 39
1738132807183 918999.0 40
1738132817199 918999.0 41
1738132827212 918999.0 42
1738132837228 918999.0 43
1738132847246 918999.0 44
1738132857260 918999.0 45
1738132867272 918998.9 46
1738132877287 918998.9 47
1738132887307 918998.9 48
1738132897318 918998.9 49
1738132907331 918998.9 50
1738132917344 918998.9 51
1738132927355 918998.8 52
1738132937365 918998.8 53
1738132947381 918998.8 54
1738132957440 918998.8 55
1738132967466 918998.8 56
1738132977500 918998.8 57
1738132987514 918998.7 58
1738132997534 918998.7 59
1738133007552 918998.7 60
1738133017566 918998.7 61
1738133027585 918998.7 62
1738133037600 918998.7 63
1738133047619 918998.6 64
1738133057635 918998.6 65
1738133067652 918998.6 66
1738133077663 918998.6 67
1738133087675 918998.6 68
1738133097691 918998.6 69
1738133107707 918998.5 70
1738133117719 918998.5 71
1738133127728 918998.5 72
1738133137740 918998.5 73
1738133147750 918998.5 74
1738133157762 918998.5 75
1738133167775 918998.4 76
1738133177810 918998.4 77
1738133187825 918998.4 78
1738133197839 918998.4 79
1738133207857 918998.4 80
1738133217870 918998.4 81
1738133227883 918998.3 82
1738133237898 918998.3 83
1738133247920 918998.3 84
1738133257934 918998.3 85
1738133267944 918998.3 86
1738133277956 918998.3 87
1738133287970 918998.2 88
1738133297988 918998.2 89
1738133308001 918998.2 90
1738133318016 918998.2 91
1738133328032 918998.2 92
1738133338044 918998.2 93
1738133348054 918998.1 94
1738133358068 918998.1 95
1738133368087 918998.1 96
1738133378103 918998.1 97
1738133388117 918998.1 98
1738133398129 918998.1 99
1738133408141 918998.1 100
1738133418156 918998.1 101
1738133428166 918998.0 102
1738133438181 918998.0 103
1738133448195 918998.0 104
1738133458204 918998.0 105
1738133468219 918998.0 106
1738133478233 918998.0 107
1738133488248 918998.0 108
1738133498260 918998.0 109
1738133508278 918998.0 110
1738133518291 918998.0 111
