1738132406630 107108.1 0
1738132416648 107108.5 1
1738132426662 107108.6 2
1738132436673 107108.7 3
1738132446685 107108.7 4
1738132456698 107108.7 5
1738132466710 107108.7 6
1738132476725 107108.8 7
1738132486741 107108.8 8
1738132496756 107108.9 9
1738132506766 107108.9 10
1738132516797 107108.9 11
1738132526810 107108.9 12
1738132536820 107109.0 13
1738132546830 107109.0 14
1738132556841 107109.1 15
1738132566852 107109.1 16
1738132576861 107109.1 17
1738132586873 107109.1 18
1738132596883 107109.2 19
1738132606896 107109.2 20
1738132616910 107109.2 21
1738132626922 107109.3 22
1738132636935 107109.4 23
1738132646948 107109.5 24
1738132656961 107109.6 25
1738132666972 107109.6 26
1738132677006 107109.6 27
1738132687019 107109.6 28
1738132697034 107109.7 29
1738132707047 107109.7 30
1738132717063 107109.7 31
1738132727078 107109.7 32
1738132737091 107109.6 33
1738132747102 107109.6 34
1738132757117 107109.6 35
1738132767130 107109.6 36
1738132777141 107109.6 37
1738132787154 107109.6 38
1738132797170 107109.6 39
1738132807183 107109.8 40
1738132817199 107109.8 41
1738132827212 107109.8 42
1738132837228 107109.8 43
1738132847246 107109.8 44
1738132857260 107109.8 45
1738132867272 107109.9 46
1738132877287 107109.9 47
1738132887307 107109.9 48
1738132897318 107109.9 49
1738132907331 107109.9 50
1738132917344 107109.9 51
1738132927355 107110.0 52
1738132937365 107110.0 53
1738132947381 107110.0 54
1738132957440 107110.0 55
1738132967466 107110.0 56
1738132977500 107110.0 57
1738132987514 107110.1 58
1738132997534 107110.1 59
1738133007552 107110.1 60
1738133017566 107110.1 61
1738133027585 107110.1 62
1738133037600 107110.1 63
1738133047619 107110.2 64
1738133057635 107110.2 65
1738133067652 107110.2 66
1738133077663 107110.2 67
1738133087675 107110.2 68
1738133097691 107110.2 69
1738133107707 107110.3 70
1738133117719 107110.3 71
1738133127728 107110.3 72
1738133137740 107110.3 73
1738133147750 107110.3 74
1738133157762 107110.3 75
1738133167775 107110.4 76
1738133177810 107110.4 77
1738133187825 107110.4 78
1738133197839 107110.4 79
1738133207857 107110.4 80
1738133217870 107110.4 81
1738133227883 107110.5 82
1738133237898 107110.5 83
1738133247920 107110.5 84
1738133257934 107110.5 85
1738133267944 107110.5 86
1738133277956 107110.5 87
1738133287970 107110.6 88
1738133297988 107110.6 89
1738133308001 107110.6 90
1738133318016 107110.6 91
1738133328032 107110.6 92
1738133338044 107110.6 93
1738133348054 107110.7 94
1738133358068 107110.7 95
1738133368087 107110.7 96
1738133378103 107110.7 97
1738133388117 107110.7 98
1738133398129 107110.7 99
1738133408141 107110.8 100
1738133418156 107110.8 101
1738133428166 107110.8 102
1738133438181 107110.8 103
1738133448195 107110.8 104
1738133458204 107110.8 105
1738133468219 107110.9 106
1738133478233 107110.9 107
1738133488248 107110.9 108
1738133498260 107110.9 109
1738133508278 107110.9 110
1738133518291 107110.9 111
