1738132406630 0.006669000000016467 0
1738132416648 1.351967000000002 1
1738132426662 2.904196000000013 2
1738132436673 3.6196890000000224 3
1738132446685 4.248923000000019 4
1738132456698 4.871422000000024 5
1738132466710 5.181573000000014 6
1738132476725 5.486066000000022 7
1738132486741 5.832953000000003 8
1738132496756 6.530372 9
1738132506766 6.832862000000006 10
1738132516797 8.79087100000001 11
1738132526810 9.086492000000021 12
1738132536820 9.380398000000014 13
1738132546830 9.745456000000019 14
1738132556841 10.197000000000003 15
1738132566852 10.491127000000006 16
1738132576861 12.578332000000017 17
1738132586873 12.866893000000005 18
1738132596883 13.301339000000013 19
1738132606896 13.597380000000015 20
1738132616910 14.186660000000018 21
1738132626922 14.737709000000024 22
1738132636935 16.290746000000013 23
1738132646948 16.900011000000006 24
1738132656961 17.291799000000026 25
1738132666972 17.728530000000006 26
1738132677006 18.03490500000001 27
1738132687019 18.35528400000001 28
1738132697034 18.717345000000023 29
1738132707047 18.770782000000025 30
1738132717063 18.791819000000004 31
1738132727078 18.80688600000002 32
1738132737091 18.892627000000005 33
1738132747102 18.908699000000013 34
1738132757117 19.042943000000008 35
1738132767130 19.056816000000026 36
1738132777141 19.080952000000025 37
1738132787154 19.123415000000023 38
1738132797170 19.167547000000013 39
1738132807183 19.885910000000024 40
1738132817199 21.878658 41
1738132827212 22.08549000000002 42
1738132837228 22.295125000000013 43
1738132847246 22.473923000000013 44
1738132857260 22.739104000000026 45
1738132867272 22.902919000000026 46
1738132877287 23.263431000000026 47
1738132887307 23.54564000000002 48
1738132897318 23.698568000000023 49
1738132907331 23.848871000000003 50
1738132917344 24.00236700000002 51
1738132927355 24.15038100000001 52
1738132937365 25.964522000000017 53
1738132947381 26.098160000000007 54
1738132957440 26.248074000000003 55
1738132967466 26.39617800000002 56
1738132977500 26.540525000000002 57
1738132987514 26.687254000000024 58
1738132997534 27.044374000000005 59
1738133007552 27.189075000000003 60
1738133017566 27.330847000000006 61
1738133027585 27.474880000000013 62
1738133037600 27.617541000000017 63
1738133047619 27.761687000000023 64
1738133057635 28.084753000000006 65
1738133067652 28.236853000000025 66
1738133077663 28.390473000000014 67
1738133087675 28.540384000000017 68
1738133097691 28.699296000000004 69
1738133107707 28.846176000000014 70
1738133117719 29.03353900000002 71
1738133127728 29.197092000000026 72
1738133137740 29.36819600000001 73
1738133147750 29.517095000000012 74
1738133157762 29.701700000000017 75
1738133167775 29.85777300000001 76
1738133177810 31.608632 77
1738133187825 31.750853000000006 78
1738133197839 31.890010000000018 79
1738133207857 32.03148700000003 80
1738133217870 32.173468000000014 81
1738133227883 32.31519800000001 82
1738133237898 32.473630000000014 83
1738133247920 32.62078300000002 84
1738133257934 32.760760000000005 85
1738133267944 32.89883600000002 86
1738133277956 33.03629000000001 87
1738133287970 33.180334000000016 88
1738133297988 34.913235000000014 89
1738133308001 35.05599000000001 90
1738133318016 35.19851600000001 91
1738133328032 35.33723900000001 92
1738133338044 35.47780700000001 93
1738133348054 35.62376400000002 94
1738133358068 35.782264000000026 95
1738133368087 35.925501000000025 96
1738133378103 36.079143000000016 97
1738133388117 36.218129000000005 98
1738133398129 36.361965000000026 99
1738133408141 36.519360000000006 100
1738133418156 36.67809200000002 101
1738133428166 36.8202 102
1738133438181 36.957156000000026 103
1738133448195 37.101316000000025 104
1738133458204 37.247952000000026 105
1738133468219 37.39269300000001 106
1738133478233 37.555319000000026 107
1738133488248 37.70118500000001 108
1738133498260 37.838401000000005 109
1738133508278 37.974895000000004 110
1738133518291 38.16176900000002 111
