1738132406630 0.006668999999988046 0
1738132416648 1.351819000000006 1
1738132426662 2.904047999999989 2
1738132436673 3.619540999999998 3
1738132446685 4.248774999999995 4
1738132456698 4.871274 5
1738132466710 5.18142499999999 6
1738132476725 5.485917999999998 7
1738132486741 5.832805000000008 8
1738132496756 6.530224000000004 9
1738132506766 6.83271400000001 10
1738132516797 8.790723000000014 11
1738132526810 9.086343999999997 12
1738132536820 9.38024999999999 13
1738132546830 9.745307999999994 14
1738132556841 10.196852000000007 15
1738132566852 10.49097900000001 16
1738132576861 12.578183999999993 17
1738132586873 12.866745000000009 18
1738132596883 13.301190999999989 19
1738132606896 13.597231999999991 20
1738132616910 14.186511999999993 21
1738132626922 14.737561 22
1738132636935 16.29059799999999 23
1738132646948 16.89986300000001 24
1738132656961 17.291651 25
1738132666972 17.72838200000001 26
1738132677006 18.034757000000013 27
1738132687019 18.355136000000016 28
1738132697034 18.721641000000005 29
1738132707047 18.764951999999994 30
1738132717063 18.785989 31
1738132727078 18.80105599999999 32
1738132737091 18.886797 33
1738132747102 18.90286900000001 34
1738132757117 19.039862999999997 35
1738132767130 19.053736000000015 36
1738132777141 19.077872000000013 37
1738132787154 19.12033500000001 38
1738132797170 19.164467000000002 39
1738132807183 19.882830000000013 40
1738132817199 21.87557799999999 41
1738132827212 22.08284599999999 42
1738132837228 22.294770999999997 43
1738132847246 22.47384500000001 44
1738132857260 22.739025999999996 45
1738132867272 22.902840999999995 46
1738132877287 23.289836000000008 47
1738132887307 23.591133000000013 48
1738132897318 23.744060999999988 49
1738132907331 23.894503000000014 50
1738132917344 24.047999000000004 51
1738132927355 24.196012999999994 52
1738132937365 26.015615999999994 53
1738132947381 26.149254000000013 54
1738132957440 26.30084500000001 55
1738132967466 26.449827999999997 56
1738132977500 26.596547000000015 57
1738132987514 26.745565999999997 58
1738132997534 27.102878000000004 59
1738133007552 27.247579 60
1738133017566 27.38962699999999 61
1738133027585 27.533659999999998 62
1738133037600 27.676321 63
1738133047619 27.820467000000008 64
1738133057635 28.170277999999996 65
1738133067652 28.328606000000008 66
1738133077663 28.490465999999998 67
1738133087675 28.64731599999999 68
1738133097691 28.819508000000013 69
1738133107707 28.970247999999998 70
1738133117719 29.169659999999993 71
1738133127728 29.34167199999999 72
1738133137740 29.539424999999994 73
1738133147750 29.694060000000007 74
1738133157762 29.920474000000013 75
1738133167775 30.12303 76
1738133177810 31.888398999999993 77
1738133187825 32.083472 78
1738133197839 32.22522900000001 79
1738133207857 32.37140600000001 80
1738133217870 32.51916299999999 81
1738133227883 32.66388499999999 82
1738133237898 32.82485700000001 83
1738133247920 32.97416200000001 84
1738133257934 33.11496299999999 85
1738133267944 33.25783100000001 86
1738133277956 33.39632499999999 87
1738133287970 33.542529 88
1738133297988 35.27503200000001 89
1738133308001 35.416493 90
1738133318016 35.56110699999999 91
1738133328032 35.69994600000001 92
1738133338044 35.85861 93
1738133348054 36.00330700000001 94
1738133358068 36.16183100000001 95
1738133368087 36.30770000000001 96
1738133378103 36.47561999999999 97
1738133388117 36.617087999999995 98
1738133398129 36.76374000000001 99
1738133408141 36.925955000000016 100
1738133418156 37.08910499999999 101
1738133428166 37.234065000000015 102
1738133438181 37.374701000000016 103
1738133448195 37.550827 104
1738133458204 37.746117 105
1738133468219 37.92737199999999 106
1738133478233 38.11078599999999 107
1738133488248 38.27575999999999 108
1738133498260 38.41930400000001 109
1738133508278 38.557717999999994 110
1738133518291 38.747364000000005 111
