1738132406630 7038.0 0
1738132416648 7196.3 1
1738132426662 7081.0 2
1738132436673 7070.6 3
1738132446685 7078.0 4
1738132456698 7069.8 5
1738132466710 7070.9 6
1738132476725 7075.0 7
1738132486741 7156.5 8
1738132496756 7061.5 9
1738132506766 7064.2 10
1738132516797 7048.4 11
1738132526810 7049.6 12
1738132536820 7049.7 13
1738132546830 7045.0 14
1738132556841 7031.0 15
1738132566852 7036.0 16
1738132576861 7037.2 17
1738132586873 7051.6 18
1738132596883 7051.6 19
1738132606896 7051.0 20
1738132616910 7081.0 21
1738132626922 7077.1 22
1738132636935 7000.5 23
1738132646948 7053.1 24
1738132656961 6996.3 25
1738132666972 6996.3 26
1738132677006 7007.9 27
1738132687019 6159.6 28
1738132697034 5581.6 29
1738132707047 5585.9 30
1738132717063 5591.3 31
1738132727078 5593.1 32
1738132737091 5588.7 33
1738132747102 5591.6 34
1738132757117 5586.9 35
1738132767130 5590.2 36
1738132777141 5589.4 37
1738132787154 5585.8 38
1738132797170 5586.1 39
1738132807183 6815.3 40
1738132817199 6895.0 41
1738132827212 6896.3 42
1738132837228 6900.7 43
1738132847246 6898.3 44
1738132857260 6904.7 45
1738132867272 6906.4 46
1738132877287 6918.9 47
1738132887307 6917.8 48
1738132897318 6923.2 49
1738132907331 6913.9 50
1738132917344 6915.4 51
1738132927355 6915.3 52
1738132937365 6905.1 53
1738132947381 6907.4 54
1738132957440 6907.0 55
1738132967466 6911.4 56
1738132977500 6906.2 57
1738132987514 6909.8 58
1738132997534 6908.4 59
1738133007552 6911.3 60
1738133017566 6912.6 61
1738133027585 6915.0 62
1738133037600 6917.6 63
1738133047619 6912.1 64
1738133057635 6918.8 65
1738133067652 6918.1 66
1738133077663 6924.8 67
1738133087675 6931.1 68
1738133097691 6933.8 69
1738133107707 6937.5 70
1738133117719 6943.1 71
1738133127728 6946.0 72
1738133137740 6950.6 73
1738133147750 6950.7 74
1738133157762 6952.3 75
1738133167775 6951.2 76
1738133177810 6960.2 77
1738133187825 6963.1 78
1738133197839 6963.3 79
1738133207857 6964.4 80
1738133217870 6964.7 81
1738133227883 6965.8 82
1738133237898 6966.7 83
1738133247920 6963.1 84
1738133257934 6963.8 85
1738133267944 6966.8 86
1738133277956 6963.5 87
1738133287970 6962.7 88
1738133297988 6971.6 89
1738133308001 6965.1 90
1738133318016 6980.0 91
1738133328032 6980.3 92
1738133338044 6977.5 93
1738133348054 6980.0 94
1738133358068 6979.4 95
1738133368087 6982.4 96
1738133378103 6980.7 97
1738133388117 6981.7 98
1738133398129 6981.9 99
1738133408141 6978.7 100
1738133418156 6978.1 101
1738133428166 6978.2 102
1738133438181 6978.3 103
1738133448195 6981.7 104
1738133458204 6982.0 105
1738133468219 6980.5 106
1738133478233 6982.0 107
1738133488248 6981.7 108
1738133498260 6981.3 109
1738133508278 6982.1 110
1738133518291 6975.2 111
