1738132406630 85.9 0
1738132416648 87.9 1
1738132426662 86.4 2
1738132436673 86.3 3
1738132446685 86.4 4
1738132456698 86.3 5
1738132466710 86.3 6
1738132476725 86.4 7
1738132486741 87.4 8
1738132496756 86.2 9
1738132506766 86.2 10
1738132516797 86.0 11
1738132526810 86.1 12
1738132536820 86.1 13
1738132546830 86.0 14
1738132556841 85.8 15
1738132566852 85.9 16
1738132576861 85.9 17
1738132586873 86.1 18
1738132596883 86.1 19
1738132606896 86.1 20
1738132616910 86.4 21
1738132626922 86.4 22
1738132636935 85.5 23
1738132646948 86.1 24
1738132656961 85.4 25
1738132666972 85.4 26
1738132677006 85.6 27
1738132687019 75.2 28
1738132697034 68.1 29
1738132707047 68.2 30
1738132717063 68.3 31
1738132727078 68.3 32
1738132737091 68.2 33
1738132747102 68.3 34
1738132757117 68.2 35
1738132767130 68.2 36
1738132777141 68.2 37
1738132787154 68.2 38
1738132797170 68.2 39
1738132807183 83.2 40
1738132817199 84.2 41
1738132827212 84.2 42
1738132837228 84.2 43
1738132847246 84.2 44
1738132857260 84.3 45
1738132867272 84.3 46
1738132877287 84.5 47
1738132887307 84.5 48
1738132897318 84.5 49
1738132907331 84.4 50
1738132917344 84.4 51
1738132927355 84.4 52
1738132937365 84.3 53
1738132947381 84.3 54
1738132957440 84.3 55
1738132967466 84.4 56
1738132977500 84.3 57
1738132987514 84.4 58
1738132997534 84.3 59
1738133007552 84.4 60
1738133017566 84.4 61
1738133027585 84.4 62
1738133037600 84.4 63
1738133047619 84.4 64
1738133057635 84.5 65
1738133067652 84.5 66
1738133077663 84.5 67
1738133087675 84.6 68
1738133097691 84.6 69
1738133107707 84.7 70
1738133117719 84.8 71
1738133127728 84.8 72
1738133137740 84.9 73
1738133147750 84.9 74
1738133157762 84.9 75
1738133167775 84.9 76
1738133177810 85.0 77
1738133187825 85.0 78
1738133197839 85.0 79
1738133207857 85.0 80
1738133217870 85.0 81
1738133227883 85.0 82
1738133237898 85.0 83
1738133247920 85.0 84
1738133257934 85.0 85
1738133267944 85.0 86
1738133277956 85.0 87
1738133287970 85.0 88
1738133297988 85.1 89
1738133308001 85.0 90
1738133318016 85.2 91
1738133328032 85.2 92
1738133338044 85.2 93
1738133348054 85.2 94
1738133358068 85.2 95
1738133368087 85.2 96
1738133378103 85.2 97
1738133388117 85.2 98
1738133398129 85.2 99
1738133408141 85.2 100
1738133418156 85.2 101
1738133428166 85.2 102
1738133438181 85.2 103
1738133448195 85.2 104
1738133458204 85.2 105
1738133468219 85.2 106
1738133478233 85.2 107
1738133488248 85.2 108
1738133498260 85.2 109
1738133508278 85.2 110
1738133518291 85.2 111
