1738131595549 2.4 0
1738131605561 1.9 1
1738131615577 3.4 2
1738131625598 4.3 3
1738131635614 23.6 4
1738131645645 5.9 5
1738131655657 4.7 6
1738131665667 7.9 7
1738131675683 7.7 8
1738131685697 34.6 9
1738131695709 10.2 10
1738131705719 4.1 11
1738131715733 8.5 12
1738131725748 4.2 13
1738131735760 4.2 14
1738131745774 8.4 15
1738131755787 3.8 16
1738131765805 13.4 17
1738131775820 3.8 18
1738131785832 4.8 19
1738131795844 3.3 20
1738131805858 3.1 21
1738131815871 3.5 22
1738131825883 2.6 23
1738131835896 3.3 24
1738131845909 2.9 25
1738131855923 2.9 26
1738131865938 3.4 27
1738131875953 3.7 28
1738131885969 2.8 29
1738131895991 5.3 30
1738131906004 3.8 31
1738131916017 4.0 32
1738131926033 4.7 33
1738131936046 12.9 34
1738131946057 3.7 35
1738131956073 4.0 36
1738131966097 3.0 37
1738131976119 4.0 38
1738131986136 2.8 39
1738131996152 3.1 40
1738132006168 2.6 41
1738132016181 4.5 42
1738132026196 3.7 43
1738132036225 3.1 44
1738132046245 2.5 45
1738132056259 3.1 46
1738132066271 2.7 47
1738132076283 2.5 48
1738132086295 2.6 49
1738132096309 3.0 50
1738132106324 3.0 51
1738132116337 3.1 52
1738132126351 3.2 53
1738132136365 4.8 54
1738132146375 2.4 55
1738132156385 3.2 56
1738132166396 2.8 57
1738132176409 2.8 58
1738132186432 3.3 59
1738132196445 13.1 60
1738132206457 3.6 61
1738132216474 5.1 62
1738132226492 2.9 63
1738132236503 3.0 64
1738132246515 5.1 65
1738132256525 7.8 66
1738132266536 3.5 67
1738132276546 3.6 68
1738132286557 3.0 69
1738132296569 2.9 70
1738132306582 3.0 71
1738132316598 3.2 72
1738132326611 2.9 73
