1738131595549 10.4 0
1738131605561 10.4 1
1738131615577 10.4 2
1738131625598 10.4 3
1738131635614 10.4 4
1738131645645 10.4 5
1738131655657 10.4 6
1738131665667 10.4 7
1738131675683 10.4 8
1738131685697 10.4 9
1738131695709 10.4 10
1738131705719 10.4 11
1738131715733 10.4 12
1738131725748 10.4 13
1738131735760 10.4 14
1738131745774 10.4 15
1738131755787 10.4 16
1738131765805 10.4 17
1738131775820 10.4 18
1738131785832 10.4 19
1738131795844 10.4 20
1738131805858 10.4 21
1738131815871 10.4 22
1738131825883 10.4 23
1738131835896 10.4 24
1738131845909 10.4 25
1738131855923 10.4 26
1738131865938 10.4 27
1738131875953 10.4 28
1738131885969 10.4 29
1738131895991 10.4 30
1738131906004 10.4 31
1738131916017 10.4 32
1738131926033 10.4 33
1738131936046 10.4 34
1738131946057 10.4 35
1738131956073 10.4 36
1738131966097 10.4 37
1738131976119 10.4 38
1738131986136 10.4 39
1738131996152 10.4 40
1738132006168 10.4 41
1738132016181 10.4 42
1738132026196 10.4 43
1738132036225 10.4 44
1738132046245 10.4 45
1738132056259 10.4 46
1738132066271 10.4 47
1738132076283 10.4 48
1738132086295 10.4 49
1738132096309 10.4 50
1738132106324 10.4 51
1738132116337 10.4 52
1738132126351 10.4 53
1738132136365 10.4 54
1738132146375 10.4 55
1738132156385 10.4 56
1738132166396 10.4 57
1738132176409 10.4 58
1738132186432 10.4 59
1738132196445 10.4 60
1738132206457 10.4 61
1738132216474 10.4 62
1738132226492 10.4 63
1738132236503 10.4 64
1738132246515 10.4 65
1738132256525 10.4 66
1738132266536 10.4 67
1738132276546 10.4 68
1738132286557 10.4 69
1738132296569 10.4 70
1738132306582 10.4 71
1738132316598 10.4 72
1738132326611 10.4 73
