1738131595549 107104.8 0
1738131605561 107104.9 1
1738131615577 107104.9 2
1738131625598 107104.9 3
1738131635614 107105.1 4
1738131645645 107105.1 5
1738131655657 107105.1 6
1738131665667 107105.1 7
1738131675683 107105.2 8
1738131685697 107105.5 9
1738131695709 107105.7 10
1738131705719 107105.7 11
1738131715733 107105.7 12
1738131725748 107105.7 13
1738131735760 107105.8 14
1738131745774 107105.8 15
1738131755787 107105.9 16
1738131765805 107106.1 17
1738131775820 107106.2 18
1738131785832 107106.2 19
1738131795844 107106.2 20
1738131805858 107106.2 21
1738131815871 107106.2 22
1738131825883 107106.2 23
1738131835896 107106.2 24
1738131845909 107106.2 25
1738131855923 107106.2 26
1738131865938 107106.2 27
1738131875953 107106.2 28
1738131885969 107106.3 29
1738131895991 107106.3 30
1738131906004 107106.3 31
1738131916017 107106.3 32
1738131926033 107106.4 33
1738131936046 107106.6 34
1738131946057 107106.6 35
1738131956073 107106.6 36
1738131966097 107106.6 37
1738131976119 107106.6 38
1738131986136 107106.6 39
1738131996152 107106.7 40
1738132006168 107106.7 41
1738132016181 107106.7 42
1738132026196 107106.7 43
1738132036225 107106.7 44
1738132046245 107106.7 45
1738132056259 107106.8 46
1738132066271 107106.8 47
1738132076283 107106.8 48
1738132086295 107106.8 49
1738132096309 107106.8 50
1738132106324 107106.8 51
1738132116337 107106.9 52
1738132126351 107106.9 53
1738132136365 107106.9 54
1738132146375 107106.9 55
1738132156385 107106.9 56
1738132166396 107106.9 57
1738132176409 107107.0 58
1738132186432 107107.0 59
1738132196445 107107.2 60
1738132206457 107107.3 61
1738132216474 107107.3 62
1738132226492 107107.3 63
1738132236503 107107.3 64
1738132246515 107107.3 65
1738132256525 107107.3 66
1738132266536 107107.3 67
1738132276546 107107.3 68
1738132286557 107107.3 69
1738132296569 107107.3 70
1738132306582 107107.3 71
1738132316598 107107.4 72
1738132326611 107107.4 73
