1738131595549 919004.0 0
1738131605561 919004.0 1
1738131615577 919003.9 2
1738131625598 919003.9 3
1738131635614 919003.7 4
1738131645645 919003.7 5
1738131655657 919003.7 6
1738131665667 919003.7 7
1738131675683 919003.7 8
1738131685697 919003.3 9
1738131695709 919003.2 10
1738131705719 919003.2 11
1738131715733 919003.1 12
1738131725748 919003.1 13
1738131735760 919003.1 14
1738131745774 919003.0 15
1738131755787 919002.9 16
1738131765805 919002.7 17
1738131775820 919002.7 18
1738131785832 919002.7 19
1738131795844 919002.7 20
1738131805858 919002.7 21
1738131815871 919002.7 22
1738131825883 919002.6 23
1738131835896 919002.6 24
1738131845909 919002.6 25
1738131855923 919002.6 26
1738131865938 919002.6 27
1738131875953 919002.6 28
1738131885969 919002.5 29
1738131895991 919002.5 30
1738131906004 919002.5 31
1738131916017 919002.5 32
1738131926033 919002.4 33
1738131936046 919002.3 34
1738131946057 919002.2 35
1738131956073 919002.2 36
1738131966097 919002.2 37
1738131976119 919002.2 38
1738131986136 919002.2 39
1738131996152 919002.1 40
1738132006168 919002.1 41
1738132016181 919002.1 42
1738132026196 919002.1 43
1738132036225 919002.1 44
1738132046245 919002.1 45
1738132056259 919002.0 46
1738132066271 919002.0 47
1738132076283 919002.0 48
1738132086295 919002.0 49
1738132096309 919002.0 50
1738132106324 919002.0 51
1738132116337 919001.9 52
1738132126351 919001.9 53
1738132136365 919001.9 54
1738132146375 919001.9 55
1738132156385 919001.9 56
1738132166396 919001.9 57
1738132176409 919001.8 58
1738132186432 919001.8 59
1738132196445 919001.6 60
1738132206457 919001.6 61
1738132216474 919001.6 62
1738132226492 919001.6 63
1738132236503 919001.6 64
1738132246515 919001.6 65
1738132256525 919001.5 66
1738132266536 919001.5 67
1738132276546 919001.5 68
1738132286557 919001.5 69
1738132296569 919001.5 70
1738132306582 919001.5 71
1738132316598 919001.4 72
1738132326611 919001.4 73
