1738131595549 0.004157000000006406 0
1738131605561 0.09968200000000138 1
1738131615577 3.3253490000000028 2
1738131625598 3.455649000000008 3
1738131635614 3.790181000000004 4
1738131645645 4.114757999999995 5
1738131655657 4.322794999999999 6
1738131665667 5.000456999999997 7
1738131675683 5.640346000000008 8
1738131685697 7.859734000000003 9
1738131695709 8.811298000000008 10
1738131705719 9.138559999999998 11
1738131715733 10.011763000000002 12
1738131725748 10.334525 13
1738131735760 10.648758999999998 14
1738131745774 11.228783000000007 15
1738131755787 11.528846000000001 16
1738131765805 12.006440999999995 17
1738131775820 12.206235000000007 18
1738131785832 12.873646000000008 19
1738131795844 13.066598999999997 20
1738131805858 13.239942999999997 21
1738131815871 13.419775000000001 22
1738131825883 13.591964000000004 23
1738131835896 13.752223 24
1738131845909 13.916875000000005 25
1738131855923 14.088599000000002 26
1738131865938 14.243537000000003 27
1738131875953 14.389189000000002 28
1738131885969 14.517795000000007 29
1738131895991 15.090002999999996 30
1738131906004 15.250725000000003 31
1738131916017 18.551561000000007 32
1738131926033 18.740134999999995 33
1738131936046 19.253271999999996 34
1738131946057 19.717324000000005 35
1738131956073 19.917079 36
1738131966097 20.098029999999994 37
1738131976119 20.256884 38
1738131986136 20.394254000000004 39
1738131996152 20.528655999999998 40
1738132006168 20.663353 41
1738132016181 21.317501000000007 42
1738132026196 21.485620999999995 43
1738132036225 21.652878 44
1738132046245 21.811259000000007 45
1738132056259 21.963753999999994 46
1738132066271 22.121571000000003 47
1738132076283 22.281365000000008 48
1738132086295 22.436324999999997 49
1738132096309 22.600350000000006 50
1738132106324 22.751828000000003 51
1738132116337 22.903481 52
1738132126351 23.057879 53
1738132136365 23.674357999999998 54
1738132146375 23.838172999999998 55
1738132156385 23.995694 56
1738132166396 24.145719999999997 57
1738132176409 24.294286999999997 58
1738132186432 24.445448 59
1738132196445 25.058527999999995 60
1738132206457 25.417423 61
1738132216474 28.925400999999994 62
1738132226492 29.10931099999999 63
1738132236503 29.284537 64
1738132246515 29.527412999999996 65
1738132256525 30.319657000000007 66
1738132266536 30.523646000000014 67
1738132276546 30.742173000000008 68
1738132286557 30.961585000000014 69
1738132296569 31.117999999999995 70
1738132306582 31.278785 71
1738132316598 31.435280000000006 72
1738132326611 31.598411999999996 73
