1738131595549 0.004157000000006406 0
1738131605561 0.10019600000001105 1
1738131615577 3.326307 2
1738131625598 3.456179000000006 3
1738131635614 3.7890210000000053 4
1738131645645 4.11384000000001 5
1738131655657 4.322099000000009 6
1738131665667 4.999909000000002 7
1738131675683 5.639946000000009 8
1738131685697 7.859408000000002 9
1738131695709 8.811046000000005 10
1738131705719 9.138604 11
1738131715733 10.012177000000008 12
1738131725748 10.334951000000004 13
1738131735760 10.649450000000002 14
1738131745774 11.229844 15
1738131755787 11.530421000000004 16
1738131765805 12.008534000000012 17
1738131775820 12.208846000000008 18
1738131785832 12.873881000000011 19
1738131795844 13.067056000000008 20
1738131805858 13.240548000000004 21
1738131815871 13.420454000000007 22
1738131825883 13.592717000000007 23
1738131835896 13.752976000000004 24
1738131845909 13.917702000000006 25
1738131855923 14.089496000000011 26
1738131865938 14.244434000000012 27
1738131875953 14.39008600000001 28
1738131885969 14.518692000000001 29
1738131895991 15.090900000000005 30
1738131906004 15.251622000000012 31
1738131916017 18.552458 32
1738131926033 18.741920000000007 33
1738131936046 19.255871000000013 34
1738131946057 19.720663000000002 35
1738131956073 19.921380000000013 36
1738131966097 20.102627000000012 37
1738131976119 20.261629000000013 38
1738131986136 20.399369000000007 39
1738131996152 20.53391900000001 40
1738132006168 20.66876400000001 41
1738132016181 21.32325200000001 42
1738132026196 21.488611000000006 43
1738132036225 21.655868000000012 44
1738132046245 21.814249000000004 45
1738132056259 21.96741 46
1738132066271 22.125967000000003 47
1738132076283 22.286501 48
1738132086295 22.442349000000007 49
1738132096309 22.60667000000001 50
1738132106324 22.758296 51
1738132116337 22.910245000000003 52
1738132126351 23.064791 53
1738132136365 23.681994000000003 54
1738132146375 23.842775000000003 55
1738132156385 24.000296000000006 56
1738132166396 24.150322000000003 57
1738132176409 24.298889000000003 58
1738132186432 24.450494000000006 59
1738132196445 25.06431400000001 60
1738132206457 25.423871000000005 61
1738132216474 28.932737000000003 62
1738132226492 29.117091000000016 63
1738132236503 29.292613000000017 64
1738132246515 29.535785000000004 65
1738132256525 30.32881500000002 66
1738132266536 30.49757600000001 67
1738132276546 30.69844900000001 68
1738132286557 30.861295000000013 69
1738132296569 31.017709999999994 70
1738132306582 31.178494999999998 71
1738132316598 31.335285999999996 72
1738132326611 31.49901 73
