1738131595549 5737.1 0
1738131605561 5736.4 1
1738131615577 5757.3 2
1738131625598 5791.2 3
1738131635614 6568.9 4
1738131645645 6607.8 5
1738131655657 6618.3 6
1738131665667 6645.2 7
1738131675683 6882.4 8
1738131685697 7043.9 9
1738131695709 6851.2 10
1738131705719 6857.7 11
1738131715733 6844.1 12
1738131725748 6848.2 13
1738131735760 6854.2 14
1738131745774 6847.8 15
1738131755787 6850.5 16
1738131765805 6776.0 17
1738131775820 6791.8 18
1738131785832 6830.6 19
1738131795844 6833.2 20
1738131805858 6852.1 21
1738131815871 6856.7 22
1738131825883 6856.9 23
1738131835896 6863.1 24
1738131845909 6864.0 25
1738131855923 6868.9 26
1738131865938 6865.9 27
1738131875953 6863.9 28
1738131885969 6864.8 29
1738131895991 6873.6 30
1738131906004 6874.6 31
1738131916017 6879.0 32
1738131926033 6241.3 33
1738131936046 7028.5 34
1738131946057 7037.2 35
1738131956073 7048.9 36
1738131966097 7051.7 37
1738131976119 7058.2 38
1738131986136 7056.4 39
1738131996152 7056.3 40
1738132006168 7059.0 41
1738132016181 7061.4 42
1738132026196 7058.1 43
1738132036225 7059.3 44
1738132046245 7062.2 45
1738132056259 7068.6 46
1738132066271 7065.7 47
1738132076283 7061.6 48
1738132086295 7055.9 49
1738132096309 7055.0 50
1738132106324 7061.8 51
1738132116337 7064.7 52
1738132126351 7068.5 53
1738132136365 7068.0 54
1738132146375 7067.4 55
1738132156385 7046.7 56
1738132166396 7046.5 57
1738132176409 7055.4 58
1738132186432 7060.5 59
1738132196445 7089.0 60
1738132206457 7099.6 61
1738132216474 7130.8 62
1738132226492 7108.1 63
1738132236503 7107.0 64
1738132246515 7015.8 65
1738132256525 7126.8 66
1738132266536 7115.5 67
1738132276546 7121.4 68
1738132286557 7126.5 69
1738132296569 7111.0 70
1738132306582 7120.6 71
1738132316598 7125.5 72
1738132326611 7126.4 73
