1738131595549 70.0 0
1738131605561 70.0 1
1738131615577 70.3 2
1738131625598 70.7 3
1738131635614 80.2 4
1738131645645 80.7 5
1738131655657 80.8 6
1738131665667 81.1 7
1738131675683 84.0 8
1738131685697 86.0 9
1738131695709 83.6 10
1738131705719 83.7 11
1738131715733 83.6 12
1738131725748 83.6 13
1738131735760 83.7 14
1738131745774 83.6 15
1738131755787 83.6 16
1738131765805 82.7 17
1738131775820 82.9 18
1738131785832 83.4 19
1738131795844 83.4 20
1738131805858 83.6 21
1738131815871 83.7 22
1738131825883 83.7 23
1738131835896 83.8 24
1738131845909 83.8 25
1738131855923 83.9 26
1738131865938 83.8 27
1738131875953 83.8 28
1738131885969 83.8 29
1738131895991 83.9 30
1738131906004 83.9 31
1738131916017 84.0 32
1738131926033 76.2 33
1738131936046 85.8 34
1738131946057 85.9 35
1738131956073 86.1 36
1738131966097 86.1 37
1738131976119 86.2 38
1738131986136 86.1 39
1738131996152 86.1 40
1738132006168 86.2 41
1738132016181 86.2 42
1738132026196 86.2 43
1738132036225 86.2 44
1738132046245 86.2 45
1738132056259 86.3 46
1738132066271 86.3 47
1738132076283 86.2 48
1738132086295 86.1 49
1738132096309 86.1 50
1738132106324 86.2 51
1738132116337 86.2 52
1738132126351 86.3 53
1738132136365 86.3 54
1738132146375 86.3 55
1738132156385 86.0 56
1738132166396 86.0 57
1738132176409 86.1 58
1738132186432 86.2 59
1738132196445 86.5 60
1738132206457 86.7 61
1738132216474 87.1 62
1738132226492 86.8 63
1738132236503 86.8 64
1738132246515 85.6 65
1738132256525 87.0 66
1738132266536 86.9 67
1738132276546 86.9 68
1738132286557 87.0 69
1738132296569 86.8 70
1738132306582 86.9 71
1738132316598 87.0 72
1738132326611 87.0 73
